72 85 84 81 79 81 65 65 70 75 69 79 75 84
72 85 83 81 82 79 65 62 78 75 70 81 75 83
75 84 82 81 83 82 66 64 68 75 70 82 73 82
75 84 83 80 78 77 65 73 78 74 70 81 75 83
73 84 83 83 80 79 64 64 78 73 71 80 76 83
79 84 83 82 80 77 76 64 68 75 70 80 75 83
79 84 82 81 80 78 71 69 69 75 79 81 75 81
69 85 84 82 72 75 64 66 79 81 78 82 76 81
69 84 83 82 67 71 63 67 81 80 79 83 76 80
73 84 84 82 77 79 64 68 79 80 78 83 76 79
71 84 83 81 68 74 64 76 82 78 78 84 76 80
69 85 82 84 68 73 62 67 82 79 78 83 76 79
77 85 83 81 66 73 74 67 78 79 76 82 76 80
77 84 83 81 67 73 67 72 79 79 82 83 76 80
83 79 78 78 85 85 75 64 68 75 77 80 76 78
81 79 81 78 84 85 75 65 76 74 76 82 76 74
83 77 77 78 85 85 75 64 68 74 77 82 76 74
83 77 77 76 84 85 73 75 77 74 78 82 76 74
82 77 77 81 84 84 76 63 75 74 76 82 77 74
83 76 77 78 84 85 80 65 69 73 77 82 76 72
84 77 77 78 85 84 78 70 68 73 82 82 74 72
76 72 74 77 71 80 76 85 83 83 65 77 79 81
77 77 80 75 67 77 75 84 84 82 64 77 80 80
79 68 72 77 76 82 75 85 84 82 64 76 81 80
79 68 75 77 67 79 76 85 85 82 65 76 81 78
77 68 72 80 66 77 76 85 85 82 65 77 81 78
82 68 73 76 67 77 81 84 85 82 65 77 81 78
81 68 73 77 66 78 78 85 85 83 75 77 81 80
73 77 82 84 71 76 73 71 80 74 70 76 82 75
71 80 82 84 66 72 74 71 84 74 70 76 83 72
75 78 80 83 76 80 74 71 82 74 71 76 81 72
76 77 81 84 66 74 75 78 84 76 69 76 83 72
72 77 81 85 64 73 73 70 84 75 69 76 83 72
79 77 81 85 64 73 80 71 81 76 71 74 83 70
79 77 79 84 65 74 78 74 82 74 78 76 83 71
82 72 77 77 79 81 85 78 80 78 80 79 84 74
82 79 79 77 78 80 84 78 81 78 79 78 84 72
78 66 73 76 74 82 75 84 85 82 65 77 81 80
83 70 74 76 78 78 85 81 82 78 80 78 83 70
82 71 72 81 77 79 85 78 83 76 79 78 84 70
84 70 74 77 78 80 85 78 80 78 80 77 85 72
84 70 73 77 78 80 85 80 81 78 83 79 84 72
85 76 77 76 79 81 69 78 74 80 85 83 79 78
84 79 80 77 77 81 71 77 80 81 85 83 79 75
85 79 80 76 79 80 70 78 80 80 85 83 79 74
85 70 75 77 77 78 68 82 81 80 85 83 79 75
85 71 74 80 77 80 70 77 81 80 85 83 79 75
85 72 75 75 77 78 77 79 74 80 85 83 80 73
85 72 74 76 78 78 74 81 73 79 85 82 78 75
